55
480
701
973
53
272
977
577
636
424
737
324
850
49
514
268
731
603
319
949
281
493
616
96
429
378
466
521
456
802
612
863
634
665
836
688
289
165
265
925
589
2
601
439
51
116
708
134
719
379
83
1
873
699
449
654
430
267
176
238
69
140
101
704
805
289
392
94
455
657
371
44
11
973
836
414
89
896
548
160
275
631
513
148
330
315
155
112
582
331
350
652
471
803
708
628
93
100
74
548
109
445
944
120
418
780
534
859
676
82
20
304
65
885
804
747
200
959
860
135
642
562
787
465
366
847
93
459
947
167
359
408
965
655
880
383
788
414
243
464
848
615
120
265
852
925
12
405
884
872
540
527
435
679
344
153
526
790
964
825
957
675
233
274
330
113
658
118
879
253
935
79
868
55
344
720
980
356
125
217
581
17
96
368
696
440
521
222
230
485
399
540
160
632
814
842
97
472
961
328
725
248
407
945
303
103
18
636
812
495
853
393
513
949
113
209
741
634
784
972
471
183
512
983
816
678
825
265
503
138
594
580
386
1
526
42
457
896
678
269
391
531
14
904
832
127
466
573
113
250
545
584
433
409
567
601
440
744
219
943
883
813
875
269
166
401
311
623
649
341
244
41
872
258
297
56
385
763
630
498
365
527
434
799
289
353
752
729
98
971
24
333
136
899
602
303
653
266
278
302
607
523
695
832
133
993
888
519
108
870
369
474
398
156
625
39
509
377
768
959
701
144
292
189
43
247
492
696
865
123
351
824
998
46
656
131
39
897
650
148
119
372
974
517
880
599
908
741
328
676
701
381
172
993
571
216
592
415
264
457
538
615
282
536
14
290
668
405
539
670
905
659
394
879
528
274
478
437
16
807
465
69
188
638
414
759
206
7
527
470
464
417
438
98
954
452
741
974
857
280
996
763
291
391
642
172
17
473
961
385
280
426
806
820
416
221
932
622
228
459
445
44
876
883
495
182
687
236
508
896
868
505
659
512
248
654
36
617
127
997
355
759
775
161
579
192
382
863
166
962
674
963
359
551
198
854
85
885
442
594
782
662
99
793
526
699
799
562
316
278
559
671
37
335
185
969
879
567
184
397
882
859
361
241
762
559
447
847
797
241
441
931
903
892
724
430
943
876
992
260
154
904
283
544
239
468
865
470
388
49
867
622
908
228
215
670
140
662
870
937
903
663
868
158
556
944
940
499
172
285
111
327
189
747
223
780
567
88
602
955
137
469
929
398
50
144
420
190
158
290
479
61
954
699
572
862
643
864
713
816
149
825
495
690
924
718
822
491
158
424
799
647
894
728
45
944
873
466
486
383
108
317
445
62
16
369
924
659
233
638
827
735
815
674
425
739
744
248
230
902
672
381
902
918
462
947
214
687
765
52
70
874
369
867
288
385
236
213
397
822
203
224
909
18
251
334
757
995
934
339
250
959
73
152
229
535
451
444
222
569
848
292
795
218
160
83
603
396
648
0
570
851
577
479
221
828
166
978
175
452
670
777
763
743
281
993
278
733
789
500
654
637
792
801
855
952
236
811
701
885
811
271
88
740
103
310
920
269
640
96
73
310
873
837
405
155
182
35
240
971
535
246
960
680
47
816
984
283
979
685
520
142
309
961
883
764
271
803
385
263
251
458
926
477
295
331
984
829
367
576
800
254
822
761
934
221
929
271
856
908
956
729
50
617
690
285
381
313
441
118
576
692
577
502
169
224
186
505
54
905
81
206
159
903
319
446
476
248
717
333
508
25
62
911
643
104
196
376
417
637
495
345
682
424
200
851
0
386
709
54
643
790
613
802
46
932
600
522
181
317
855
41
343
269
952
338
373
501
66
142
490
913
840
172
337
40
376
338
778
85
744
421
875
357
575
921
290
176
444
823
493
651
216
188
273
169
878
998
22
945
141
512
858
333
685
548
373
61
238
503
146
982
276
373
692
851
295
334
379
91
509
873
94
725
413
367
246
292
366
268
589
859
781
447
192
466
347
917
879
585
420
25
920
696
750
964
899
45
650
279
488
159
504
583
236
269
302
483
561
20
751
150
879
884
950
423
350
297
340
229
235
112
606
507
160
357
471
412
754
121
691
595
280
547
530
868
816
832
351
730
853
455
232
84
339
182
508
690
832
200
271
419
665
230
926
177
939
397
589
45
518
632
640
150
179
170
18
348
3
722
78
208
177
310
292
516
845
152
558
677
353
182
96
370
412
22
547
703
771
489
748
289
121
389
791
653
911
809
353
266
531
431
474
60
93
767
577
938
271
487
967
624
669
63
346
433
437
894
136
208
383
885
849
856
626
640
861
537
802
214
804
685
997
630
746
91
749
675
29
21
162
997
997
832
412
344
265
202
590
754
762
973
639
964
181
617
604
395
154
758
609
310
796
607
941
894
698
690
569
79
63
731
428
61
915
193
405
533
747
995
287
509
320
278
473
853
895
430
248
401
540
858
64
336
817
357
230
867
399
799
298
463
883
727
524
798
272
281
331
19
628
970
528
948
248
354
801
495
784
402
897
324
612
313
13
429
670
243
648
69
395
946
532
278
25
408
428
297
689
112
316
317
82
197
617
683
551
771
178
335
173
427
11
137
740
376
566
410
620
566
832
367
512
716
997
538
125
425
835
166
889
152
836
972
701
805
7
252
928
185
939
453
613
950
590
353
679
508
116
299
74
300
18
587
16
15
477
493
792
312
12
682
816
200
6
517
5
13
121
934
550
60
739
163
363
330
869
42
838
337
693
265
637
711
852
653
78
681
499
870
345
511
904
162
63
262
31
68
627
505
354
178
565
94
693
280
776
562
322
966
899
15
231
888
78
435
894
508
116
393
731
462
256
635
976
319
250
359
739
877
864
446
407
430
892
101
710
668
663
385
634
915
752
866
155
183
301
49
691
418
442
422
232
50
410
208
369
660
567
109
889
784
907
297
566
799
398
628
467
413
13
101
680
766
319
836
301
973
885
992
743
680
415
975
730
825
183
452
485
102
913
726
886
820
23
452
619
773
433
86
539
446
539
219
564
211
407
865
184
293
858
927
325
625
902
55
450
437
859
287
891
772
13
130
592
389
934
211
162
367
297
701
166
189
273
730
400
680
948
584
325
158
863
650
783
117
58
585
906
917
872
797
690
237
279
282
626
214
494
141
933
143
842
99
332
115
830
84
796
778
20
121
936
883
124
71
352
182
656
258
99
880
408
789
117
687
424
96
901
918
237
835
413
431
286
98
547
116
182
695
246
203
168
534
438
292
605
791
474
261
401
926
493
809
67
611
497
491
59
750
761
648
937
175
79
224
625
978
692
807
673
939
362
842
473
153
486
431
944
313
44
345
239
538
155
306
501
4
150
560
106
911
208
44
438
639
620
63
618
312
223
291
251
937
485
77
90
324
860
34
637
904
732
876
794
239
534
295
595
684
207
701
948
767
745
738
407
365
154
377
30
377
668
281
314
506
710
405
182
922
791
819
179
875
47
973
114
581
621
709
618
180
763
918
300
508
656
59
226
810
436
256
539
456
889
854
314
952
611
496
874
754
315
53
630
714
379
96
296
352
806
266
532
921
184
184
429
192
243
7
3
31
263
542
840
505
748
154
457
711
651
683
466
318
89
96
33
468
192
681
172
350
299
56
271
483
241
53
675
836
60
30
220
324
925
60
181
25
214
638
737
217
321
203
888
410
299
273
230
843
954
402
194
253
811
465
88
52
518
115
240
931
146
460
255
423
520
436
448
87
426
185
304
99
388
192
862
39
465
92
883
771
847
77
376
658
894
464
62
765
580
302
696
78
115
303
501
635
91
949
722
517
487
379
968
227
923
830
267
389
923
502
512
122
931
889
132
825
353
194
942
933
848
638
363
963
293
864
951
384
814
673
253
301
404
222
528
328
52
147
69
327
1
581
449
932
470
933
110
176
127
52
461
328
43
825
291
336
689
594
721
855
268
974
508
672
548
389
352
601
888
421
928
890
3
730
822
825
663
932
353
143
337
815
471
380
992
114
68
33
709
789
889
329
116
749
353
664
138
706
617
27
479
898
917
482
980
91
660
995
376
365
138
713
180
961
445
524
428
513
558
137
303
799
818
771
548
523
787
39
581
757
418
61
655
335
895
635
778
907
630
154
273
121
867
805
82
664
330
510
178
240
999
833
39
169
604
939
45
743
978
626
500
396
39
155
83
935
142
862
842
125
368
467
246
588
273
680
252
603
543
430
195
894
263
234
64
219
525
109
963
504
87
463
252
127
971
336
414
465
550
608
942
918
76
540
506
349
221
759
304
116
541
499
10
805
85
426
24
610
887
339
114
975
155
719
454
478
55
868
943
957
476
886
227
552
426
734
253
999
845
557
115
386
408
478
543
493
904
920
104
144
259
570
471
414
289
925
244
696
145
188
5
973
426
233
526
204
967
131
204
164
689
671
550
97
149
94
943
406
14
47
550
625
969
21
392
259
298
636
307
443
176
313
768
602
546
646
159
865
778
363
29
819
386
931
916
536
377
211
294
743
258
844
721
228
217
113
839
867
101
146
662
278
811
430
232
709
77
391
574
855
106
955
674
493
239
942
381
616
154
675
360
764
871
81
992
440
546
831
307
647
330
969
277
141
399
862
203
476
605
777
683
712
85
357
557
324
300
290
940
806
317
652
570
188
85
915
628
983
98
287
983
428
256
612
922
655
474
125
484
80
254
167
144
339
877
53
15
529
343
308
335
660
312
257
200
750
172
180
733
271
467
716
699
723
329
973
730
155
450
566
587
57
734
731
396
611
136
764
140
831
72
827
843
384
84
43
486
257
575
220
528
42
288
579
117
969
905
200
125
355
766
712
412
852
796
161
815
932
277
307
764
701
134
607
85
571
3
924
828
578
144
708
621
432
639
90
754
544
290
879
252
57
943
16
261
739
529
77
672
158
384
788
859
871
747
297
442
750
221
270
329
365
330
302
149
969
744
903
866
35
134
470
444
78
838
705
817
720
134
841
878
871
981
90
742
729
387
184
831
608
806
512
325
136
166
826
457
911
730
675
946
216
497
742
294
688
799
464
408
934
657
638
805
639
728
547
720
467
83
551
75
889
416
752
377
582
579
186
493
661
862
791
877
711
533
172
399
333
988
159
619
645
150
776
636
230
323
356
698
758
260
125
647
676
878
376
610
457
562
104
118
776
247
995
488
781
519
239
466
507
399
437
153
901
213
141
131
888
498
829
646
110
955
645
138
185
21
748
642
935
204
112
712
452
107
552
233
979
143
51
486
894
488
991
795
701
133
927
589
983
108
587
93
415
232
583
600
253
331
242
540
536
706
604
988
814
156
573
145
652
624
631
546
464
975
342
165
460
621
106
443
729
693
888
145
925
471
745
530
802
340
422
690
46
27
678
212
535
603
357
187
227
341
734
691
316
428
208
776
49
666
571
778
359
459
275
636
282
21
166
436
713
589
127
111
968
157
676
503
761
33
691
340
726
777
384
394
205
944
170
254
611
93
384
970
904
660
959
186
33
477
975
98
418
102
209
386
611
885
890
724
271
933
65
349
710
801
744
267
745
266
873
708
360
257
679
264
917
990
803
302
467
778
400
886
232
962
272
195
847
514
920
470
447
337
820
509
490
916
128
235
182
1
944
542
259
975
159
528
965
314
831
784
92
583
670
676
545
943
871
393
457
143
215
257
832
387
118
322
303
247
910
486
600
854
380
859
181
891
740
498
205
923
282
649
506
305
677
52
248
549
797
57
44
12
666
877
752
137
199
55
384
109
893
336
315
626
196
848
517
288
698
75
211
333
76
717
638
754
769
238
655
566
295
699
931
314
576
683
451
128
90
187
589
336
523
905
962
71
105
831
359
804
258
570
137
335
640
127
89
409
365
96
328
660
795
611
326
724
646
777
852
736
964
441
424
488
698
386
559
156
570
271
960
828
193
449
515
833
576
956
595
941
52
923
953
848
886
280
924
532
409
776
620
374
569
45
214
620
431
125
776
353
396
88
182
590
537
49
775
465
6
370
758
410
645
711
258
531
343
534
63
753
662
36
479
232
81
693
204
864
818
980
218
567
420
752
509
957
801
284
774
159
7
532
570
652
595
180
184
939
715
599
692
377
635
171
961
68
216
165
933
386
497
151
305
917
903
814
226
56
451
352
216
810
884
786
462
480
966
998
419
681
950
463
411
937
986
372
6
202
890
939
588
739
90
894
9
345
60
587
401
863
940
969
673
824
755
488
656
74
486
75
107
788
890
518
726
876
243
732
430
485
23
371
224
465
265
233
810
677
173
563
541
113
533
214
289
640
54
946
66
541
373
174
329
264
44
407
492
287
491
275
772
514
646
349
979
911
934
141
940
107
57
481
220
942
48
862
934
102
808
1
995
181
175
677
797
219
84
642
859
928
917
631
442
563
980
774
826
915
267
766
22
324
600
595
618
648
457
553
102
617
554
98
150
81
127
300
652
563
942
511
491
211
495
286
126
475
60
952
742
679
718
117
356
670
64
974
318
521
527
773
490
433
871
640
866
350
940
519
913
234
30
405
445
525
691
571
353
103
523
95
782
594
564
138
264
628
113
935
501
992
708
991
778
931
984
644
281
924
163
194
159
546
951
956
423
642
528
776
745
403
224
528
349
788
18
966
769
483
253
270
476
313
614
606
596
598
250
877
874
766
423
33
312
375
342
735
369
870
864
467
625
88
995
327
228
365
645
997
849
898
620
677
563
586
283
159
184
885
36
58
651
811
444
315
538
786
403
260
8
267
727
985
707
722
312
935
439
957
285
288
207
257
965
770
843
600
929
27
486
317
437
489
481
881
805
19
19
560
279
27
827
6
13
534
80
677
821
872
987
458
160
194
715
478
317
910
430
246
289
268
916
727
758
397
960
915
768
980
475
48
359
654
406
724
540
839
402
713
711
389
172
223
935
239
53
252
150
484
499
439
752
767
518
862
164
479
129
932
811
604
332
522
610
91
247
502
282
649
216
345
390
740
568
325
979
974
578
481
810
429
273
562
196
791
777
712
622
906
644
785
863
329
308
473
772
555
976
54
556
544
399
946
284
319
623
615
645
201
97
455
630
722
370
178
513
147
890
488
53
887
625
268
216
933
742
988
840
70
394
748
966
145
46
250
464
670
865
110
871
314
917
854
36
287
384
902
434
275
742
840
514
367
108
730
653
202
70
845
272
816
946
590
961
992
840
777
662
58
887
886
724
805
92
113
444
476
15
879
103
109
719
617
828
179
699
481
382
121
679
6
937
625
597
898
969
789
676
984
847
915
222
572
72
314
685
869
142
52
748
598
513
819
215
341
998
267
175
380
388
206
739
678
183
336
928
152
125
956
488
325
224
710
897
296
376
934
165
871
338
265
469
851
84
684
544
435
951
719
167
692
925
906
370
108
594
298
613
720
255
101
45
479
812
294
127
540
580
645
411
270
262
880
121
699
917
17
134
220
737
653
912
14
560
634
123
506
285
736
226
892
189
623
723
353
269
850
894
201
847
657
471
462
538
944
161
455
962
647
675
699
300
940
713
212
926
188
719
211
276
297
103
818
273
826
171
542
29
417
96
228
75
567
690
613
512
851
420
826
850
447
877
503
387
942
715
666
131
786
877
759
84
981
577
357
159
749
251
188
166
347
769
593
915
459
206
779
663
978
605
513
426
834
16
165
776
84
831
907
870
709
19
954
42
596
663
553
697
915
94
216
262
863
809
529
322
368
660
337
346
617
203
772
451
219
938
228
655
121
487
526
830
506
832
224
455
496
778
152
763
872
368
377
87
530
259
409
898
919
99
244
889
302
369
340
873
307
920
529
780
408
407
611
266
239
187
721
87
317
226
850
189
946
580
276
476
839
38
374
758
137
971
647
791
340
340
664
999
260
193
779
20
600
742
287
192
930
8
279
247
234
482
789
181
62
417
9
901
455
384
11
944
707
659
735
47
351
400
46
963
945
825
984
898
568
271
90
850
279
369
449
866
851
238
399
913
656
408
166
463
792
178
760
499
189
495
898
540
247
944
503
545
122
487
443
42
110
533
244
390
254
693
608
458
932
7
723
940
415
890
755
560
68
515
411
609
363
310
149
962
606
4
507
80
844
950
122
954
835
718
696
90
412
304
900
696
663
623
636
79
513
743
639
933
259
50
542
974
712
43
936
319
400
796
399
244
746
874
550
934
592
247
376
4
903
276
52
567
251
688
646
765
432
637
50
43
39
945
17
752
988
953
423
740
749
822
984
848
48
535
134
993
134
510
349
389
138
402
956
389
90
954
506
874
943
557
917
983
854
286
87
194
592
510
935
693
684
919
893
733
806
27
726
292
889
427
682
27
829
990
769
920
945
275
146
888
184
416
223
38
702
310
585
294
820
520
340
857
439
233
590
598
261
668
242
502
95
924
882
925
915
651
197
212
278
695
100
815
111
676
205
166
986
790
460
159
310
152
16
102
386
958
700
999
978
942
501
425
219
383
702
486
386
899
698
665
595
150
480
58
826
685
224
165
828
37
324
138
189
340
240
575
650
292
926
628
587
428
53
806
163
756
292
550
7
342
567
602
492
47
13
319
84
237
484
264
274
160
403
816
852
643
743
502
288
670
130
875
98
183
33
613
291
325
163
299
19
82
253
511
481
266
182
566
856
18
830
130
178
585
298
30
581
42
884
869
712
14
744
162
550
129
775
841
806
291
140
825
373
394
336
855
12
519
773
868
889
955
351
68
541
649
450
474
691
335
343
403
701
439
917
251
568
693
93
374
336
585
199
61
331
887
916
344
758
41
212
648
997
563
68
890
213
870
364
904
205
707
660
259
498
929
510
66
974
955
792
310
893
343
372
224
230
640
568
989
682
781
989
679
344
409
921
909
279
285
166
837
344
178
96
842
107
606
260
82
914
52
744
807
747
116
31
977
757
600
318
791
733
659
470
77
68
743
339
348
28
505
185
724
683
281
566
790
239
178
872
505
582
617
312
329
85
696
658
194
648
329
985
381
988
807
810
57
550
149
757
930
654
942
654
689
575
572
480
166
102
704
672
684
673
336
365
759
32
24
305
32
353
291
413
693
450
576
102
353
725
859
283
732
153
938
421
728
862
253
247
965
958
919
1
631
607
367
742
640
743
400
24
448
691
438
141
493
366
244
846
91
455
130
175
609
420
949
689
634
202
936
599
512
207
601
496
815
320
238
807
63
638
831
511
681
621
652
527
987
248
373
431
704
503
958
665
275
907
354
910
462
643
861
974
202
462
470
17
134
61
176
197
51
360
708
