453
437
768
71
271
866
23
411
871
315
545
359
519
291
361
669
450
459
413
945
333
996
93
955
322
670
985
338
912
463
995
717
252
115
788
875
981
163
286
204
478
183
563
349
827
925
18
277
736
784
574
421
132
19
376
454
41
714
793
954
529
140
671
781
255
812
657
588
975
295
792
806
831
707
155
658
632
526
287
720
310
214
141
442
233
870
248
275
584
393
229
113
533
252
894
140
64
903
80
392
551
224
550
382
932
705
40
916
583
327
637
893
541
778
687
127
0
936
754
584
329
983
697
215
587
944
355
4
199
436
748
750
660
298
132
944
355
172
861
939
852
850
184
745
980
872
224
981
160
978
565
489
313
615
704
901
911
412
257
110
200
5
861
212
655
345
157
362
870
370
301
722
220
838
819
200
710
396
181
222
374
747
711
40
714
768
293
625
180
550
735
380
907
948
944
562
294
101
924
164
471
578
238
691
416
409
244
478
805
425
700
532
524
763
572
238
531
865
215
711
767
303
443
674
251
388
588
897
841
512
413
665
442
651
708
210
413
952
688
570
378
740
102
254
504
26
845
387
243
60
99
10
363
894
36
967
634
624
216
476
489
630
493
283
633
201
494
46
154
534
969
884
275
423
138
131
450
983
518
45
396
969
408
759
216
444
78
850
421
295
678
262
925
171
545
910
725
39
309
231
574
278
115
201
701
605
332
503
941
202
549
337
172
309
448
740
753
879
590
526
174
621
788
451
144
334
361
869
373
670
100
299
300
567
500
2
525
832
857
466
387
406
155
559
67
603
651
821
482
241
699
8
214
488
811
359
822
173
580
547
195
681
847
848
600
347
202
125
532
59
943
919
818
98
830
885
54
481
58
888
74
758
249
289
246
60
648
420
585
228
967
133
261
166
981
214
866
183
339
398
242
635
317
60
85
499
298
491
980
356
732
54
114
981
343
360
393
343
132
979
572
452
112
185
618
445
399
484
628
91
234
222
78
551
635
163
402
933
7
382
289
739
789
404
72
132
116
465
476
249
796
400
701
908
937
671
353
337
156
333
780
390
556
858
294
543
373
696
476
380
431
117
119
220
521
543
704
990
9
532
239
805
284
292
66
222
963
771
911
471
105
691
214
13
901
860
908
274
908
384
655
339
501
126
911
375
670
616
365
31
148
956
836
433
600
254
655
915
26
918
387
483
609
953
496
862
813
756
136
721
140
143
413
993
622
324
368
292
940
85
675
441
41
511
874
993
766
881
909
144
799
296
627
760
249
475
622
414
231
110
135
371
254
900
716
876
225
85
520
517
170
195
958
564
58
184
557
176
65
466
320
216
114
299
328
715
774
950
129
5
61
617
728
667
517
445
543
94
882
415
612
404
610
570
968
20
755
878
197
172
696
869
389
163
169
717
878
295
20
360
301
433
329
381
100
198
178
995
293
412
410
257
817
20
827
137
392
934
367
589
107
64
811
848
579
980
917
809
275
289
169
928
722
850
662
822
401
192
817
46
605
227
303
774
599
482
263
992
417
631
933
876
47
96
76
626
428
345
435
56
635
957
336
357
159
998
532
560
543
701
606
148
929
909
274
880
744
537
224
513
520
510
741
567
606
169
193
35
514
981
91
149
938
779
859
97
778
743
10
673
444
616
173
725
878
447
606
974
336
182
487
857
692
228
424
651
397
970
38
263
951
481
413
241
260
624
690
38
367
700
63
163
669
236
889
547
683
495
521
20
29
360
877
722
588
301
725
337
623
763
600
574
244
365
167
504
341
858
895
60
558
958
224
227
195
113
126
230
960
999
250
989
359
479
63
299
133
788
988
756
551
941
683
147
306
850
652
648
708
899
708
619
857
284
198
404
397
677
635
357
676
237
699
388
717
762
39
202
903
380
958
806
321
641
954
627
492
958
627
552
857
688
171
66
972
722
823
722
399
458
431
427
47
130
167
116
245
207
318
500
587
277
306
260
270
612
887
114
570
867
667
779
555
190
198
879
912
21
601
311
831
33
739
878
515
906
347
112
465
665
612
404
942
919
664
565
531
904
679
454
123
346
233
678
537
783
909
801
804
863
113
635
248
204
866
763
110
213
876
928
230
488
332
525
759
349
90
643
253
769
97
376
468
682
406
357
466
667
158
622
530
271
610
778
827
828
894
938
393
770
218
623
610
550
148
722
251
590
365
504
360
814
232
180
848
990
537
666
658
695
289
540
319
251
671
146
79
565
436
472
687
654
95
649
557
596
371
808
186
88
665
546
254
249
726
455
592
615
121
250
311
762
142
982
13
813
128
92
378
917
564
65
923
12
67
480
608
438
641
794
879
658
693
133
