497.313
-3.069
-1.815
-2.399
-3.002
1.566
3.893
-2.060
-7.873
0.579
3.266
-6.317
-3.668
-6.480
4.849
-3.976
-10.473
-0.225
-5.972
-2.846
3.864
0.915
-1.120
1.513
2.243
-7.683
3.258
1.642
-2.939
0.631
-0.406
5.284
2.396
1.018
5.748
0.568
-2.037
-6.795
1.508
2.003
-1.055
-8.168
-9.132
8.491
-0.246
0.509
3.171
-1.911
-2.447
-1.872
4.331
-3.235
-2.576
9.893
2.672
-2.209
3.276
0.701
0.363
0.616
3.584
-2.442
5.052
-2.172
8.596
2.561
1.257
4.562
2.283
8.055
4.879
3.758
-2.101
2.363
-2.969
-0.282
1.975
0.431
7.214
4.610
2.773
7.137
-6.174
2.661
6.408
2.496
2.072
7.312
-5.020
-1.477
3.067
1.519
0.266
-2.806
0.464
-5.944
3.789
-0.044
-3.453
1.770
7.804
-2.354
-0.869
8.860
1.522
-1.823
-0.823
-5.717
-4.157
4.048
6.747
4.244
4.755
2.081
-1.118
6.094
-1.216
0.600
5.527
5.591
-5.153
0.896
-2.426
-2.111
-4.352
-2.010
3.257
-0.497
-2.453
-3.043
-5.349
-2.715
4.599
2.612
-0.130
1.457
1.819
-1.040
-4.235
-3.482
-3.122
-3.328
-3.301
-0.082
-2.290
-2.752
-3.033
0.871
-3.706
-2.367
4.956
-3.458
1.347
-2.111
2.278
10.418
-1.635
7.803
-5.139
8.587
3.532
8.087
-6.187
0.379
4.296
1.190
-3.660
5.204
-7.112
-7.274
-0.207
7.416
-1.665
0.828
4.819
-1.776
7.369
2.764
3.443
3.746
-2.733
2.230
-1.905
-10.144
5.799
3.713
2.290
4.049
5.275
2.352
-3.140
4.731
1.184
-7.841
-8.260
-2.635
-1.124
0.265
-0.688
-2.306
1.557
-1.602
1.325
-4.910
3.216
-6.902
-2.503
4.500
-3.696
-0.480
4.327
1.317
0.443
5.528
-7.506
0.257
-6.428
-6.533
-0.444
-4.603
-2.385
-4.627
1.815
1.763
-2.937
-1.804
-10.861
-5.731
4.506
-4.683
-0.860
1.039
5.910
2.248
-1.696
-3.686
1.574
9.990
-3.919
-1.244
-3.434
-6.027
-1.531
-5.977
-3.302
-11.754
5.959
-5.919
4.700
-11.063
2.577
3.745
-2.916
-4.177
-0.861
-1.954
0.375
6.266
-3.897
2.670
-4.444
2.174
-1.598
8.455
0.373
5.035
-1.032
-1.531
5.900
0.372
-12.615
-5.156
-0.159
-1.847
-3.345
-4.062
2.501
0.296
-3.215
0.521
2.277
3.011
-3.977
-5.888
-0.581
5.416
1.628
6.913
8.557
-3.001
-2.921
-6.766
2.463
2.524
-4.250
-3.545
6.155
3.146
0.832
2.743
1.250
2.719
-1.878
1.344
-0.846
-3.279
5.539
2.470
4.367
3.099
-4.424
4.509
-3.856
2.703
-5.140
-0.284
0.653
-3.634
2.755
-2.776
5.460
-3.417
-1.237
-3.969
-0.207
1.554
-1.272
-3.567
4.269
-2.250
5.069
-2.083
-2.781
4.454
-2.157
-1.182
4.514
-1.693
1.339
8.185
4.705
1.714
5.345
0.963
5.293
-4.090
-6.893
2.085
2.914
7.002
-1.304
-4.693
-0.015
3.156
-6.614
-2.436
-0.363
-2.664
1.712
-2.269
3.393
1.245
-3.814
3.029
8.358
-2.132
9.625
6.061
-4.415
3.094
-6.206
3.673
2.588
-5.097
2.634
1.400
2.095
11.639
-3.117
-0.733
-0.308
6.142
-5.586
4.171
-2.097
-3.073
7.165
-3.712
7.153
4.182
1.967
-1.726
2.156
-5.948
-0.682
2.431
6.229
2.414
-3.456
0.682
0.993
5.987
0.392
-8.930
1.061
6.324
5.320
0.038
-9.587
7.588
-1.870
14.714
-8.502
2.655
3.231
0.159
-0.422
4.641
-1.563
4.844
-2.401
0.478
-4.012
-1.924
-0.101
-0.391
1.930
11.629
8.101
-9.386
-6.931
-4.099
2.581
-1.642
-4.396
-8.164
-5.288
0.874
10.234
-3.057
3.609
3.154
0.332
4.656
-6.259
-2.740
-6.927
-2.464
-3.784
0.483
-1.060
-0.631
-1.302
3.001
-1.227
-1.561
8.558
-4.871
-10.360
-1.670
2.200
2.004
8.372
-3.227
-3.834
8.669
-4.002
4.367
-6.819
2.857
0.574
-4.838
-5.000
2.842
1.260
4.668
-3.305
-2.999
4.505
-4.472
1.104
7.693
4.581
-5.795
4.075
-1.306
3.221
2.967
-1.863
-7.566
-2.008
1.434
1.456
-8.543
-2.242
-0.197
4.761
-0.905
0.404
10.733
0.105
-6.237
0.811
4.376
6.347
0.010
-1.538
3.307
-15.848
2.938
-1.666
5.460
1.544
1.851
-0.467
-3.552
5.794
-4.953
-2.341
-1.253
-0.483
-1.003
7.100
-5.679
7.591
-0.572
4.258
0.029
-0.405
1.604
-5.406
2.290
4.139
-0.768
-0.002
-3.540
2.001
-5.254
-8.640
2.355
-0.291
-5.214
7.971
-2.321
0.929
1.502
2.087
0.593
0.606
-3.202
-2.120
8.249
1.593
1.552
-0.053
-6.555
4.731
5.439
-6.944
9.763
-1.913
2.645
1.985
-1.635
3.726
-5.599
-5.998
1.439
1.519
-4.115
1.113
1.047
2.068
2.502
2.130
2.161
-1.072
0.529
1.426
4.888
-0.609
3.314
-5.687
-0.400
-4.551
-9.732
2.321
7.818
5.117
-0.470
-3.563
4.401
-4.904
3.571
-2.836
0.795
3.591
4.035
2.767
0.619
-1.467
-4.500
1.440
-0.902
-0.602
2.792
7.249
-2.949
2.329
-4.751
-2.141
-6.264
-2.308
-5.209
-5.492
1.144
-7.942
0.232
6.153
4.839
-2.660
3.723
1.221
3.286
-3.530
7.492
4.652
-0.101
4.150
-0.541
-5.038
-0.620
-4.587
-7.513
2.868
-1.146
-8.042
-2.370
-0.793
-2.657
-2.978
0.307
-4.381
-3.228
0.788
-2.565
8.023
-6.918
1.848
1.951
7.061
-7.750
5.072
-3.282
1.950
3.332
1.903
4.068
-4.170
-2.206
3.531
6.424
6.577
-6.304
4.856
-3.825
2.852
1.103
0.903
-2.456
-2.174
3.307
-1.289
2.985
-7.017
1.095
-1.711
-3.007
4.248
-3.135
0.664
8.746
-1.643
-3.063
1.906
2.217
-6.499
-1.900
-11.929
4.383
8.598
6.864
-3.911
8.352
3.405
-1.552
0.266
13.151
4.886
-2.177
-3.247
-2.323
-3.022
-1.427
1.779
-5.013
-6.319
-0.880
-2.599
-3.067
5.135
1.560
6.716
7.263
2.343
-7.649
2.813
4.405
-7.323
2.841
1.810
2.008
4.092
-2.638
7.876
-2.752
0.036
5.806
6.540
-5.681
-1.857
-0.681
0.687
1.407
6.160
-10.620
0.686
-4.162
-1.194
4.343
1.662
0.562
-0.755
-6.355
-1.047
-6.952
0.286
5.515
2.088
-3.599
2.273
3.395
-6.748
-3.964
-0.541
3.567
1.345
0.265
2.220
-0.857
4.049
5.127
-5.755
-3.220
-1.579
3.856
-10.245
3.696
-0.376
4.329
-0.463
4.310
-2.349
2.629
4.453
-1.389
-1.800
-2.410
-3.368
-2.009
5.713
-4.782
-3.255
0.187
1.974
-4.321
-0.705
-3.066
-5.089
3.650
-2.323
4.413
-4.770
-2.790
-7.181
-4.779
4.435
0.055
2.492
1.470
1.401
-3.192
-0.496
-1.206
5.240
5.092
-4.378
3.061
0.846
2.835
-3.251
-2.958
3.188
-2.570
-8.467
-3.656
3.057
-2.001
1.443
-7.269
0.878
-5.016
7.500
5.117
-0.363
-0.805
-10.138
0.672
-0.868
2.884
-12.048
-0.383
-6.245
8.787
2.307
4.111
6.864
-7.517
-1.505
-2.573
2.640
5.776
-0.444
6.316
-1.318
6.615
0.900
4.056
-0.407
0.278
-0.230
2.401
-0.778
-7.480
-9.135
0.931
-6.001
1.011
1.818
7.330
-2.677
7.213
-3.630
3.046
7.847
1.474
4.461
-4.564
2.062
-0.463
0.428
1.261
-0.743
-3.822
-9.019
-7.316
0.156
-0.499
-3.442
-0.700
5.872
1.405
-1.381
-4.018
0.201
0.482
2.935
5.689
-6.487
5.750
0.100
-1.657
-9.806
6.184
4.257
-6.452
-0.195
-9.440
7.859
-1.593
-2.949
-3.660
-0.751
-4.851
-5.283
-2.503
6.253
-4.155
2.805
0.432
4.914
4.309
2.485
-7.312
1.154
4.766
-1.825
2.422
0.469
-4.613
4.098
1.439
0.311
1.838
-4.530
5.356
-5.161
-3.720
-1.968
-0.423
-4.471
-3.448
2.270
-5.377
-3.846
-7.212
2.257
-1.110
-0.116
-1.153
3.188
2.530
-7.017
-2.499
-2.856
-5.541
-7.783
-5.715
6.087
4.603
-2.616
-1.841
-10.296
1.081
7.055
-0.525
-1.210
-2.575
-13.448
-2.456
1.028
4.001
-6.501
1.726
7.737
-5.786
2.388
3.039
0.319
-0.053
4.781
4.601
7.617
9.939
-6.314
-2.478
3.740
1.017
-4.499
-8.146
-0.091
5.645
0.686
4.239
5.946
-5.587
-4.987
-0.240
10.939
0.094
-2.676
-6.834
-1.119
0.657
-6.467
2.924
5.351
7.121
4.939
-1.318
-10.883
1.898
4.843
-12.273
4.255
-4.140
-0.868
5.819
-6.152
0.898
-6.297
6.531
3.164
-4.133
0.436
-4.023
-5.238
1.001
5.053
-1.919
-2.269
6.163
3.256
3.877
3.890
2.146
-2.426
4.386
0.818
-3.614
1.851
6.516
0.288
2.909
7.744
4.055
-0.523
1.620
8.407
2.207
0.304
1.016
2.168
-5.698
2.645
2.097
-0.166
5.210
-2.890
1.481
-4.011
5.117
-2.537
3.634
-0.310
-3.578
-0.105
-4.990
-4.297
-2.987
2.043
-4.794
-4.736
-2.016
2.459
7.828
-0.351
-13.337
-4.499
-2.403
7.619
10.553
-2.251
-2.343
-5.474
3.710
4.860
2.003
-3.094
-2.737
5.461
1.183
1.002
-3.324
-4.463
0.445
0.800
4.259
-0.314
2.532
8.196
-5.601
-10.950
-2.966
7.394
2.480
-1.414
1.011
-0.220
-1.614
-1.381
0.790
-4.239
1.065
4.913
4.481
-5.513
-2.867
1.783
-7.450
0.961
-7.707
0.301
-2.494
-6.312
3.725
2.532
1.513
3.449
0.378
-5.984
-5.581
3.564
1.701
-10.737
-4.533
2.878
0.662
8.234
2.921
-3.155
2.907
-0.200
0.418
-3.175
-1.003
-1.550
2.686
0.116
2.077
1.012
6.016
7.449
1.570
-2.780
4.682
0.931
2.445
-2.262
0.192
0.340
2.852
-7.664
-4.925
-9.278
-4.917
-0.062
3.219
-5.135
2.210
-2.152
1.700
-1.596
-2.155
-3.467
-3.322
1.792
4.521
-3.406
-0.412
-5.731
-2.492
-1.108
-6.926
0.166
7.302
-5.519
-5.111
0.115
-2.515
-2.040
7.252
5.074
4.511
-5.488
-5.318
0.103
-0.480
11.692
12.666
9.086
3.713
5.744
4.301
-1.950
6.781
7.670
3.166
1.155
5.139
10.764
4.488
0.933
-11.789
1.297
-1.849
-4.091
-1.895
5.306
4.554
-3.661
-0.972
11.143
-4.554
-5.075
1.116
-3.907
-1.768
-4.403
1.697
-5.637
-1.138
-5.282
-2.942
1.994
-5.776
-1.382
-1.515
-0.491
0.365
1.777
-3.204
11.571
-2.246
-2.544
3.055
-7.790
0.367
2.680
1.947
4.978
2.623
3.245
2.599
0.783
2.358
-4.111
0.760
2.499
5.495
-2.105
-0.415
3.175
0.407
0.579
2.894
3.693
-0.526
-4.881
6.945
-7.731
1.773
-7.823
6.055
13.048
-3.504
2.324
-5.059
-3.830
-1.764
3.170
4.191
-4.930
0.143
3.006
-5.902
3.194
-1.739
-0.611
1.626
1.062
-7.523
-7.984
3.311
5.061
-3.188
-5.135
-0.657
-0.380
-4.638
8.461
2.720
-1.360
-2.104
4.821
1.099
6.185
9.597
-0.638
-0.672
4.121
0.808
-0.048
8.376
0.757
3.066
-8.500
-2.843
1.764
-3.083
-7.083
-1.147
-4.196
8.453
-2.968
0.619
-3.375
2.584
2.112
1.143
-6.095
-1.828
6.615
2.178
-3.062
2.209
-7.238
4.640
5.437
-0.399
-4.952
1.718
2.100
-1.783
0.591
-4.870
1.827
3.796
5.013
-0.098
-7.879
-4.326
5.738
-2.244
1.410
6.527
1.968
-0.175
-0.618
-9.902
-1.036
-1.281
-6.501
-3.532
-7.678
-0.844
2.607
-3.334
1.298
2.603
-3.666
-7.056
0.062
3.754
0.004
7.637
-1.045
4.899
-0.976
6.557
5.458
3.471
-0.708
-0.529
1.504
-0.729
-6.693
-6.656
-1.110
4.907
-3.759
-5.722
-0.240
3.084
3.435
-0.724
-0.839
-3.467
-0.053
-1.355
-4.945
-4.718
-0.359
2.673
6.132
8.201
-3.860
-2.302
-5.487
-4.367
2.681
-7.444
6.445
5.188
0.337
8.789
0.615
3.341
-0.992
1.799
-4.905
0.804
5.705
0.428
3.311
-0.284
-2.411
-3.562
-0.606
-2.288
-0.876
-5.922
3.451
2.533
0.185
-0.762
-1.298
-3.341
-0.886
-9.299
-5.721
-3.919
0.341
-6.643
3.036
2.711
3.865
-1.019
4.048
6.668
-1.998
-3.578
-0.568
6.604
7.624
4.361
-0.617
4.909
0.178
6.584
-0.338
-7.797
7.720
3.452
4.647
-2.367
1.662
0.970
3.119
-8.721
-4.832
1.833
5.868
-7.585
3.829
-5.003
-2.722
-0.187
-2.027
3.931
1.154
2.152
-0.664
2.353
-6.293
3.861
8.031
2.322
1.122
5.516
-9.423
0.193
-3.832
7.303
-0.372
-7.864
-4.264
-3.016
12.328
-6.047
1.908
-5.558
2.094
-8.411
5.426
-8.361
-4.812
-4.689
-1.047
1.265
-4.014
-2.614
-5.998
-7.156
1.343
4.280
-4.326
-7.430
2.095
-10.712
1.672
-8.045
-1.207
-11.498
-6.754
-10.230
-5.290
1.263
-4.107
4.333
-5.896
-8.075
4.063
-6.202
3.175
-0.005
-2.469
1.623
-3.031
-8.798
4.467
-11.405
-0.629
5.247
2.322
2.469
-5.623
-10.416
-1.034
-1.248
-2.110
-0.566
-2.494
-6.230
2.208
-3.605
2.890
-3.271
1.616
-0.254
2.895
-1.504
-1.630
-3.687
-1.929
2.465
-6.201
-9.077
-4.482
2.345
-0.758
3.637
-5.469
-5.462
5.897
0.675
0.471
2.944
6.629
5.489
-2.242
0.268
3.481
-4.192
-1.752
0.438
-3.745
0.975
0.813
-3.356
-0.342
4.601
-2.451
-0.071
-0.966
-5.283
1.997
3.020
-2.109
-1.605
1.543
5.326
2.160
-6.058
-4.444
-3.799
4.455
-0.594
-4.062
-0.616
1.701
0.685
0.410
3.406
4.275
3.058
3.259
2.540
5.852
1.103
0.813
3.434
-0.845
0.015
4.886
2.576
4.188
6.786
4.495
-7.112
-8.272
-1.951
-1.108
-3.678
3.910
2.490
0.827
2.999
0.632
-3.295
-5.442
-0.599
-0.226
0.682
3.293
1.023
-5.285
-6.038
-5.666
-3.071
7.365
1.846
-2.197
2.477
2.323
-1.468
2.717
-0.226
0.023
-6.789
-0.575
-8.020
-2.785
-0.927
-1.978
-2.564
3.921
-0.517
2.148
-1.154
1.872
1.563
-4.711
-1.596
-8.056
-3.294
-1.200
-8.666
3.740
3.711
-3.827
3.906
0.486
0.525
-4.145
-3.902
-7.991
-3.164
-8.186
-3.722
-4.959
-7.678
2.071
0.683
4.269
-6.981
2.075
-0.048
-0.499
-1.016
-6.703
0.835
-2.536
1.777
0.021
-2.297
-3.925
9.689
3.649
-6.398
-7.831
-6.366
-4.128
8.941
0.316
0.083
5.059
4.049
-6.168
1.624
4.728
0.901
4.302
0.906
4.937
-2.665
1.673
-6.121
-3.540
3.460
-2.712
-2.897
-0.069
-1.905
-4.467
0.297
13.220
-3.836
-0.509
-2.525
-2.099
5.761
5.631
4.146
-8.560
-0.819
13.861
2.994
3.364
0.327
0.893
-2.917
-5.701
-3.999
2.529
-6.254
-7.413
-2.793
0.160
4.832
-0.945
0.112
-4.540
-5.388
4.876
1.727
-3.990
-5.990
3.713
-1.492
5.406
-8.718
-0.892
5.644
-1.520
-4.778
-8.518
0.522
-1.169
9.198
-2.558
-6.847
-5.570
-3.694
-0.538
9.793
3.702
4.353
-8.663
3.138
0.470
0.395
-5.669
-2.893
2.260
1.968
4.210
0.339
-3.552
3.908
3.667
-2.794
-7.350
9.747
0.015
-6.286
-5.706
-2.246
-2.669
0.958
-4.376
7.478
-6.448
9.297
-4.821
-3.894
-4.044
7.092
-8.171
7.679
-8.195
-3.288
8.012
-7.885
-3.260
2.197
2.222
-4.866
0.016
3.390
0.998
7.081
0.937
2.380
0.608
-4.580
0.972
4.180
-3.820
-0.455
6.110
-2.557
-7.824
1.207
6.587
-3.028
1.320
2.684
3.512
-4.429
-6.281
-2.769
2.858
-4.267
-2.247
1.644
-3.234
1.491
-3.769
3.401
-2.703
4.474
-1.897
-7.702
5.094
-10.229
-3.036
-0.848
-2.022
1.424
7.822
-6.765
1.406
-5.531
11.076
3.605
0.448
-6.066
2.989
4.100
-6.475
-8.980
0.129
2.679
-6.072
1.633
1.332
2.175
-12.202
3.954
-0.677
-6.645
3.473
0.218
2.225
5.173
-2.466
-3.940
4.194
7.208
-4.992
-3.601
-6.656
-4.583
-7.688
2.849
-4.010
-2.626
-8.834
-1.658
1.347
1.288
0.654
0.993
0.828
-5.153
5.107
1.309
3.393
5.563
1.443
6.813
7.923
7.390
-6.999
-0.332
-1.340
-2.756
-3.796
2.994
-0.708
7.668
-4.813
-6.013
-1.501
2.619
3.766
-1.153
5.724
2.553
-6.448
1.734
-0.235
2.582
-2.703
-2.460
2.625
0.330
-10.677
-1.116
2.690
-0.190
-3.463
-8.365
1.151
-4.543
5.262
-1.201
-2.328
0.816
-2.525
0.336
1.467
-0.997
10.683
0.661
-0.365
-2.890
-5.942
-6.154
-6.931
-2.655
-8.360
-0.951
3.084
-5.506
7.130
-4.168
1.524
5.384
1.574
-10.165
4.977
1.835
0.773
-4.408
-5.567
6.775
2.772
-7.342
-3.592
-3.891
-0.364
3.696
-3.520
-0.549
2.415
3.271
-3.834
4.750
-1.728
0.450
0.442
4.614
-5.747
-2.882
-0.947
-2.699
2.801
-3.764
-2.929
1.957
-11.795
7.232
-5.073
1.128
4.178
-0.608
2.449
-3.644
0.389
2.448
1.872
1.603
-3.900
0.579
1.617
-1.183
5.729
0.007
2.596
-8.643
-4.041
-0.704
-4.021
-3.838
1.424
-2.385
3.881
1.642
4.248
4.676
5.153
4.371
-0.325
-7.503
-8.083
-4.720
-1.502
9.322
-13.289
-1.760
-3.622
-5.426
-4.862
-0.060
0.842
5.749
-8.721
0.587
-0.108
2.042
-5.065
4.146
1.446
3.066
1.985
-5.028
-4.350
-3.748
7.364
3.423
3.176
0.680
-1.448
6.644
2.315
0.153
3.388
-4.377
-0.498
1.434
0.822
-3.411
-4.414
-7.549
1.737
-1.363
6.164
-3.328
4.731
-1.025
-4.319
-7.497
-2.563
-0.466
-2.800
3.514
-8.223
7.393
2.161
0.328
-2.212
2.200
6.165
-4.549
-7.518
0.520
-4.703
2.344
-3.893
-2.761
-6.385
-7.606
6.196
4.219
-6.355
5.408
-6.034
0.252
-3.721
11.471
-4.444
1.623
7.785
6.843
1.013
-3.160
8.630
0.047
4.055
0.944
0.873
-8.283
6.901
-2.656
-0.616
5.737
5.807
0.979
-0.135
-4.839
2.832
2.691
-5.110
2.809
1.357
-5.490
-7.091
-8.153
-5.808
-3.813
5.515
-4.352
5.740
0.604
0.286
2.568
-4.804
1.228
-0.505
5.006
1.891
-6.133
-3.094
6.229
-1.299
-3.735
-1.106
-0.325
-1.435
3.192
-1.494
2.658
-3.368
10.330
-9.987
-2.718
2.469
4.742
-1.287
-2.823
3.388
-3.689
-3.938
-3.270
-7.757
0.131
4.917
-3.917
-6.938
-8.481
1.427
6.944
-4.983
-1.697
-1.298
4.109
2.977
3.724
-2.311
0.508
-3.172
2.760
2.559
1.134
-0.971
1.934
0.501
5.394
-6.124
-2.017
10.692
-2.309
4.514
4.885
-0.694
-8.667
2.629
-1.677
-1.608
8.315
-5.781
-3.719
7.748
-1.170
2.675
-4.708
1.800
5.830
-1.411
2.247
4.379
4.846
2.048
7.913
-3.433
-1.759
-7.324
1.547
-1.000
2.870
3.869
-5.253
-0.035
-0.672
-2.491
4.356
5.434
4.357
12.712
-2.708
1.530
-1.206
5.853
3.516
-2.801
-2.421
-5.615
1.341
-5.187
6.738
-2.820
6.635
-2.515
0.234
1.910
0.066
-0.253
1.690
0.273
-3.452
1.280
1.531
4.901
1.335
-4.768
0.902
3.977
-7.147
-4.144
-2.191
0.007
-3.233
-7.262
2.754
2.102
-9.425
0.410
-0.195
-4.401
-0.993
-4.243
-2.876
1.361
-2.376
2.162
4.094
-0.541
-3.110
-2.185
-3.453
1.167
-4.754
5.127
-9.334
-0.765
4.958
-8.982
3.417
-0.473
-1.052
-4.402
1.333
-0.391
3.182
-2.505
-0.551
2.186
1.685
-0.766
5.416
1.786
4.666
0.562
-2.384
1.728
-6.616
-3.128
4.766
-3.323
1.207
-6.283
-5.705
7.977
6.850
0.601
-1.700
-3.875
6.010
-6.254
-5.560
-1.334
-4.820
-0.212
-0.145
11.441
-0.879
1.444
-4.607
2.654
7.114
8.577
0.992
-1.591
-0.054
-4.402
-8.807
2.104
-5.722
-3.954
4.632
-3.427
2.018
2.081
-1.472
-2.647
-2.639
2.286
-5.347
-6.080
-0.951
1.126
5.758
3.089
-6.393
8.115
-2.246
2.948
1.008
-1.126
3.264
-7.301
8.081
4.370
-1.177
2.271
0.844
-0.692
-1.024
-6.591
-3.948
-9.677
0.767
-2.920
5.625
0.190
8.149
0.117
6.112
3.234
-7.219
-8.144
-5.281
-12.244
0.213
-0.279
-1.742
-0.786
-8.052
-1.115
-2.294
-2.444
0.186
6.791
0.105
0.674
-4.315
5.225
-9.778
-10.044
5.054
1.425
2.130
-0.859
5.927
0.770
6.337
-0.109
2.596
2.439
0.219
-3.142
1.634
-3.067
-2.653
-2.957
-3.033
0.555
0.610
8.682
2.302
-4.419
-2.159
-3.434
-8.205
4.145
5.271
-1.385
0.946
-6.758
-4.573
-3.069
10.729
0.578
-5.440
1.037
0.521
-1.301
-3.905
-3.760
-2.260
2.239
-4.552
13.387
2.685
1.700
-3.792
-2.972
0.987
0.484
0.690
-2.469
0.296
-4.734
-4.608
3.311
-9.015
-0.918
-2.390
8.313
3.009
-2.514
2.370
-2.320
6.769
3.292
6.838
-2.019
0.207
9.136
-5.249
5.745
3.860
2.861
-3.354
4.406
-6.026
0.866
-4.815
-0.927
-0.756
-2.025
-0.307
-1.720
1.159
3.002
2.281
-6.692
5.598
-1.789
0.415
1.981
-3.926
5.641
-5.692
-2.292
3.051
-5.439
-1.509
-1.447
1.735
2.284
2.656
-4.086
-11.532
1.984
-4.693
-6.344
-1.275
-0.293
-0.534
-1.105
3.039
6.915
4.705
-2.090
-2.854
2.118
-7.478
-1.356
1.659
-3.371
7.577
0.159
4.510
-12.332
-7.929
-1.854
1.398
-4.876
7.542
-3.675
-1.276
-1.240
-4.539
-2.304
11.237
-0.336
3.483
4.866
-5.051
5.009
1.819
-0.556
1.097
-2.611
-3.220
2.060
-3.286
1.797
5.045
2.348
1.401
3.886
6.061
1.814
3.260
5.290
-2.510
-1.115
-4.004
0.989
2.449
1.843
7.755
4.054
-1.259
1.020
3.728
-2.368
-5.590
-5.457
1.638
-0.138
1.427
-0.418
-0.859
-6.678
-5.437
4.434
-3.353
-0.975
-3.467
2.755
5.277
-9.142
3.404
-5.721
-1.516
-0.040
4.340
-1.954
3.346
2.515
1.236
8.964
-4.878
4.011
-3.305
-6.259
13.628
0.617
-3.106
-0.943
-4.496
0.356
2.392
-4.557
4.213
-7.152
-2.766
-0.722
4.610
3.204
-4.135
0.377
-0.797
-2.031
5.129
1.599
-0.111
-4.707
0.186
-1.261
5.358
-1.584
-7.351
-2.569
-1.928
1.270
-4.555
-5.433
2.423
2.422
-3.935
-3.049
-2.570
-1.672
1.472
8.369
-2.664
-3.972
-1.697
-6.920
3.859
0.136
6.103
0.301
-2.606
7.505
1.740
0.905
-3.602
6.214
13.585
3.631
-1.304
0.334
0.387
-0.814
-6.144
2.586
1.785
-0.799
-3.802
-4.399
-5.967
-0.251
-2.149
0.200
-5.597
-2.849
-1.713
-1.560
8.545
-1.143
-4.392
6.302
1.658
-2.973
-2.662
0.944
-7.300
0.720
3.246
-4.966
-5.873
-2.864
-5.695
-5.223
0.741
-4.975
-5.593
-0.086
1.281
0.685
3.520
3.791
4.099
-4.969
2.896
4.188
4.429
-4.460
-1.934
-6.400
-1.106
-4.133
1.061
5.738
4.729
4.397
-0.288
-1.977
4.483
6.169
-8.834
-4.376
0.354
-6.019
4.488
-0.423
3.098
11.968
5.257
0.652
-2.930
-0.252
11.054
3.930
-0.924
-5.775
2.019
-4.081
-2.991
-2.576
4.809
-4.373
4.627
2.799
-1.540
-3.036
-3.127
-4.952
6.053
-1.545
-4.264
1.722
-3.087
-4.069
-1.502
-1.948
3.043
8.260
1.763
4.044
-4.172
-2.177
0.107
1.620
-7.069
2.846
0.698
8.053
-5.261
-4.047
-2.602
-6.366
-3.894
-2.717
7.134
-2.646
-1.684
-4.457
-0.489
-2.157
3.444
4.295
-0.356
5.076
-1.541
2.618
-1.009
4.365
-4.016
-0.421
-4.805
-4.181
7.936
-8.676
6.731
1.915
4.179
-0.165
-4.141
-1.471
-1.893
0.169
-3.117
-5.290
-4.941
0.357
-5.067
-8.276
-2.044
-8.248
0.929
6.422
2.041
10.833
-0.365
5.334
0.990
6.675
5.577
-3.980
-0.644
-10.110
-5.342
-5.523
2.509
-7.926
4.824
0.658
1.196
-0.362
-0.097
3.210
-7.248
6.167
-2.123
1.387
-1.131
-0.513
3.147
7.378
-1.361
0.762
-1.480
-4.793
2.431
-0.784
-13.037
-1.632
-1.575
12.109
-2.547
10.229
0.067
-4.428
5.850
-2.643
1.763
5.942
2.751
1.844
-3.663
-1.442
-1.418
1.196
2.737
2.261
-1.249
0.565
-1.203
-6.007
-0.492
0.551
2.529
-1.174
5.426
2.808
8.299
6.526
5.948
6.661
0.465
-2.763
4.248
-7.413
-0.890
4.761
-1.634
5.304
-2.577
-1.516
5.220
2.409
2.901
5.094
4.462
0.543
-0.811
6.180
0.296
1.759
-7.092
-1.503
2.407
-4.111
-6.915
3.269
-10.220
1.244
-3.318
-5.932
-5.418
4.718
2.033
-5.474
-4.312
-0.322
-2.514
3.930
-4.187
2.468
9.225
-11.334
-0.983
-2.865
6.439
2.296
2.711
2.596
-9.436
-1.931
2.032
-2.258
-0.068
1.656
0.760
-1.855
-1.460
7.281
-7.760
-0.280
4.126
-3.574
1.585
-5.910
-3.434
2.643
3.050
-4.741
6.074
4.403
6.075
6.592
0.053
3.886
2.690
0.353
7.426
-1.570
5.863
-3.147
5.041
-4.884
-1.890
4.993
3.632
3.869
1.579
5.956
-6.628
-3.589
2.680
-3.007
-2.159
-5.778
1.179
-2.300
-0.404
-6.660
2.156
-0.276
2.271
5.454
-9.548
2.183
3.394
-0.032
-7.815
7.300
-4.758
-4.982
8.890
-3.074
-2.554
0.754
-8.481
3.419
2.796
1.607
3.607
2.789
-2.071
-0.774
1.830
-2.039
6.173
0.051
-0.978
-4.600
3.910
4.022
-5.881
1.096
2.719
-6.197
-1.941
3.202
-0.667
-5.006
-1.362
-2.570
-6.063
1.448
-1.761
0.858
8.248
-2.357
3.312
-3.234
-11.191
0.433
0.914
7.639
12.477
-2.647
4.039
-3.393
-1.731
7.782
-0.471
-0.716
3.556
-1.214
0.545
-3.079
-4.015
-1.430
-2.241
-0.108
-3.851
-7.285
2.482
-2.327
3.130
-5.590
2.564
4.309
7.388
3.815
-1.282
-1.677
-7.858
6.229
-0.909
-8.635
3.251
4.926
3.082
0.680
-4.566
1.694
2.490
-2.715
3.747
4.305
-4.171
5.488
-0.902
-4.099
-1.874
-3.013
-3.114
-0.322
14.733
-0.089
1.042
-1.233
-0.731
2.813
4.921
-2.345
0.461
-3.770
4.538
-4.807
3.382
3.742
3.107
2.947
-0.708
9.260
-3.080
6.528
0.523
2.216
-1.812
-10.813
-0.410
-0.500
1.787
-1.967
1.819
3.584
-5.236
-0.104
6.939
2.958
-11.124
-3.995
-2.893
-11.328
1.889
3.259
1.485
1.117
-8.516
-2.925
3.327
-7.435
5.311
-6.161
7.388
-6.620
3.730
-6.167
-2.588
6.158
-0.074
-3.112
-3.271
7.703
7.626
-2.725
-5.388
6.546
-6.830
-3.823
3.083
-3.740
1.168
0.379
3.301
-7.257
-1.734
9.263
-1.305
-3.969
-7.949
9.264
1.546
1.648
6.449
3.814
3.937
9.488
3.102
-6.750
-4.294
-0.680
6.014
-3.749
-1.070
5.946
-1.740
1.158
1.894
-6.220
-1.676
0.421
2.919
2.877
-1.032
-0.938
-3.872
0.030
-9.422
7.441
-5.990
-2.767
1.556
1.591
1.133
1.927
1.100
3.843
-6.107
0.454
-0.232
-4.722
-3.073
-7.130
0.942
0.241
0.445
3.365
-6.992
-7.535
3.083
4.566
1.489
0.388
3.219
5.110
4.214
4.021
-2.844
-1.522
-2.142
-3.286
0.651
2.183
10.710
-0.809
6.934
2.680
3.551
-1.976
5.213
0.344
0.408
-9.582
3.072
-0.309
2.909
-6.113
-5.968
11.814
5.858
4.360
0.167
-0.398
-2.421
0.680
-2.130
10.569
-1.165
6.757
2.703
2.809
3.544
-0.847
-5.701
-1.625
-2.169
-1.442
0.438
-3.600
1.761
-0.347
4.307
0.393
-2.274
-1.579
-8.147
0.180
0.316
5.600
-1.035
7.480
-8.602
-2.219
4.979
-4.985
0.921
-4.543
-6.510
6.550
-2.109
7.381
-1.963
-2.742
-1.925
3.244
2.268
-9.926
-4.008
3.256
-3.517
-4.825
3.497
-5.234
-7.083
2.744
-1.914
11.475
2.452
-2.226
4.999
6.205
2.029
-0.673
-9.435
-0.517
-5.373
-0.371
1.872
-1.476
-2.985
0.740
-4.216
3.185
0.958
-1.406
9.234
2.239
-3.683
-4.304
-1.841
1.339
-7.268
5.200
3.749
2.567
-3.720
1.173
0.554
5.234
-0.135
-2.052
-2.348
-2.697
1.998
3.777
6.093
-2.298
4.493
10.551
5.980
3.621
5.470
-0.907
5.178
7.848
2.082
7.185
-2.010
4.772
-3.863
2.541
4.705
7.106
3.401
-2.611
5.306
5.571
-1.120
1.312
-6.154
-2.043
2.300
-1.226
-0.145
-5.572
0.865
-2.587
2.797
9.285
-1.457
0.463
-4.268
-3.857
-5.223
1.031
4.923
-4.012
-5.425
3.322
5.650
1.592
9.452
0.450
-0.249
1.868
1.008
-1.023
1.013
0.705
-4.475
0.998
10.200
1.202
3.157
4.949
10.339
-2.211
-8.798
-2.044
-2.018
-0.210
2.726
3.290
0.849
5.975
-0.296
-2.186
-4.502
-1.023
-2.240
5.868
-3.598
-5.822
-3.160
-6.230
-4.640
0.969
-2.754
0.726
3.542
-0.593
-3.390
-1.621
1.642
-8.114
5.757
-3.952
-2.437
-3.704
-2.688
-3.652
3.097
-4.827
2.457
3.443
2.031
2.814
5.388
8.410
1.668
-6.265
7.749
-0.682
6.037
-3.973
-1.097
-1.597
0.994
-3.595
-5.571
-3.525
1.537
9.226
-1.446
-5.372
8.029
-5.858
0.207
-6.281
-0.291
-6.048
7.540
-2.268
5.907
-2.114
-1.046
2.184
-0.646
-2.255
-4.327
0.259
-2.994
-8.734
-0.963
-2.128
5.785
-5.534
0.664
-4.065
-7.687
-2.109
-2.519
-5.063
-0.138
-2.343
8.582
3.310
-2.297
-1.791
-1.386
1.234
0.571
-1.563
-7.511
6.936
-3.492
-1.388
-3.010
3.514
-5.699
-2.223
1.059
-6.725
-1.651
-1.907
4.589
-3.724
0.127
2.564
-0.865
-3.513
1.814
8.804
-6.793
5.935
4.990
-1.962
2.485
1.842
-10.331
-2.745
6.624
4.309
-5.283
-4.016
2.043
-0.384
-4.792
3.822
-0.797
-0.901
-9.761
0.505
1.902
1.902
2.877
2.217
10.229
5.709
-1.871
4.122
-4.544
-4.663
-2.857
1.588
-0.266
-0.138
-11.310
4.178
5.980
-3.397
6.546
-8.169
6.499
-8.565
10.073
5.133
3.155
5.173
0.195
0.833
-2.082
6.212
2.583
1.539
7.520
3.160
6.014
-4.996
-6.933
-4.779
-5.708
-0.277
0.873
-1.015
-0.429
-1.344
0.648
6.769
-0.321
1.915
2.607
7.280
-0.499
6.204
-2.209
15.232
-1.677
-2.585
-2.837
1.013
-4.163
6.357
-5.081
4.395
1.059
1.606
3.394
4.006
-0.159
-6.899
-1.929
3.422
-5.837
4.485
-2.187
-2.628
2.177
-2.719
-2.703
2.163
-2.444
-2.061
-0.067
-0.092
6.707
1.520
-1.577
-8.436
5.778
3.573
1.907
-2.263
4.887
-3.474
-3.305
-13.115
-2.806
0.338
-7.475
-2.767
-7.261
7.231
3.230
3.705
-2.948
-1.052
-5.222
2.463
1.686
-2.867
3.290
-3.097
0.157
-5.630
7.786
6.203
-0.813
-13.755
-0.896
-0.441
-2.359
12.984
-11.008
1.071
11.941
1.525
-4.158
-6.664
5.281
0.614
-7.296
4.194
-3.634
-2.954
-10.024
-4.349
7.318
-0.334
0.224
-1.069
-7.167
-1.637
-4.296
-0.504
1.839
5.223
4.525
5.426
-4.909
3.327
-3.480
-6.252
1.724
0.201
-3.234
-6.564
-2.534
0.995
-9.340
1.175
2.572
-8.444
-5.957
1.038
1.296
-0.075
-7.098
-4.485
-0.324
-6.114
11.604
-2.803
0.952
-4.294
-2.501
7.571
-3.183
-5.653
3.273
0.133
-3.031
5.555
-1.396
2.117
4.477
7.626
0.389
-2.880
-1.621
-2.080
5.629
-11.103
2.475
-3.883
-4.315
1.969
5.473
3.596
-8.660
-5.209
-8.669
4.930
-3.072
-0.803
3.865
0.436
-2.950
-3.708
-1.731
-0.087
4.517
-3.253
-3.155
9.396
-5.617
-4.297
0.678
-8.178
2.706
-4.395
1.222
3.202
-9.865
0.893
-4.474
-1.654
3.484
-6.168
0.267
-5.432
-2.351
4.511
3.900
8.211
-2.761
-2.943
-2.458
8.452
-0.840
0.471
-3.600
2.292
0.071
-6.861
-0.273
-1.295
4.547
-1.216
2.686
9.427
-8.670
0.840
-1.648
3.889
-2.167
8.049
2.608
3.172
-5.236
-2.916
4.201
-2.168
-7.327
-3.259
-5.696
4.498
-2.574
-9.212
-0.584
8.637
-4.475
-0.889
-6.442
4.319
-1.442
-0.333
1.858
0.975
0.455
-3.291
-6.827
-4.820
6.303
-10.317
-5.164
0.682
3.548
1.985
4.105
0.292
2.144
-2.092
2.479
2.102
-0.495
0.888
-9.332
-2.274
-5.679
8.661
3.030
0.100
-8.612
8.487
-0.554
-4.469
3.581
6.921
-0.668
-0.051
2.785
-3.230
-0.980
0.925
3.125
-1.344
-0.560
-3.904
-6.937
-1.039
3.240
0.699
-4.894
-2.633
2.000
-0.015
3.827
-1.995
-10.249
3.750
2.201
1.505
-2.369
-15.513
6.449
-0.742
1.656
-2.400
-6.477
6.167
-3.597
-3.795
3.025
1.560
5.355
1.045
-6.493
-1.008
-4.672
2.805
2.841
-6.202
7.265
-3.706
9.318
-1.326
9.364
-3.554
6.126
-2.000
2.235
7.816
1.678
-0.843
-3.408
-9.594
4.228
1.790
-1.299
5.184
-3.118
-2.652
-2.393
-5.708
4.035
0.675
-4.509
5.151
-0.059
7.713
2.751
-0.339
4.323
7.398
-4.425
5.640
-1.818
1.177
-1.796
2.736
-4.675
5.378
-13.097
1.152
-7.834
5.087
-4.524
2.048
-8.166
0.529
10.973
3.815
-3.948
-7.071
-0.701
-4.461
-1.337
2.389
-2.497
-1.211
5.566
-1.484
1.156
-1.080
-13.262
3.613
0.656
-5.909
0.479
0.348
4.071
-3.447
0.900
7.593
-3.892
-2.942
-5.596
6.240
-6.388
8.489
6.987
-3.887
-1.713
-5.968
1.143
0.349
-1.450
2.507
-4.572
-6.804
2.905
4.337
0.363
-1.761
0.007
-2.788
7.730
5.783
-5.584
6.020
2.911
-1.116
-4.130
3.241
-1.602
-4.316
-0.905
1.010
6.914
2.502
4.115
2.921
-3.853
1.117
-0.098
-2.470
-11.717
-0.225
-3.989
0.818
-0.222
0.109
-7.798
3.801
-1.107
-0.697
0.495
6.861
-1.127
-3.779
4.269
-0.071
5.855
5.327
-6.427
-1.274
0.220
2.217
3.776
-4.593
0.278
12.597
2.796
-2.852
9.096
1.016
6.791
-0.140
-0.593
-7.498
5.487
6.115
-4.353
8.194
-0.585
-0.654
-2.248
7.864
-2.597
-1.187
-0.764
-0.010
0.708
-11.719
7.346
-2.540
-4.105
4.092
7.301
-1.050
3.912
3.361
1.031
11.017
3.018
3.254
4.061
8.023
-8.138
1.651
3.737
1.464
-4.335
8.181
7.222
4.163
-3.694
-4.158
-0.067
-4.090
-9.645
-0.264
-4.115
3.992
-3.061
-4.468
-3.650
-3.973
2.794
-6.026
-0.009
6.102
-4.398
-6.212
1.326
-0.720
0.779
7.831
-3.617
3.336
-2.709
