494.209
-11.002
11.998
2.420
-2.412
-4.350
-16.631
-12.529
-5.848
3.914
-5.621
-14.273
-2.828
3.449
-7.875
-8.605
2.734
1.867
3.707
4.059
3.172
1.016
0.660
-6.387
1.393
1.646
-16.658
-4.514
-9.936
-7.463
-5.424
-13.826
7.768
-9.795
-8.807
-2.252
-10.885
15.256
3.119
-4.811
-4.105
-14.430
8.172
-5.770
-0.008
12.379
6.723
14.555
16.020
6.066
3.207
-7.434
-0.176
16.418
-2.355
-1.559
1.838
11.146
1.572
1.115
13.611
0.084
2.041
6.545
7.096
-7.920
5.463
-1.834
-5.838
14.240
-5.768
-0.971
-8.547
-7.527
4.172
5.223
0.285
1.469
-1.168
4.922
-3.496
16.934
-7.805
7.273
6.668
3.395
-20.758
2.258
-3.697
2.166
-2.100
8.006
15.389
-7.334
9.775
3.717
6.139
-6.127
-16.154
-8.498
-10.600
20.846
-9.619
-1.033
-8.047
-0.277
-1.418
6.617
-0.863
-7.297
12.148
-0.488
0.719
-5.242
-9.156
3.656
3.836
-9.617
0.102
-4.938
-2.002
-6.623
14.256
-3.404
6.756
8.057
1.232
-8.334
0.184
6.195
2.820
-1.715
-1.984
-3.176
2.043
-5.539
3.072
-11.779
-7.877
4.975
7.654
6.404
-0.514
2.939
5.096
4.061
0.635
11.701
14.768
7.264
7.596
-9.510
11.020
3.035
0.684
-10.293
-2.090
3.621
3.566
-16.418
-15.852
-7.980
8.898
-13.543
1.340
8.156
16.270
3.992
-8.521
-7.654
23.744
10.549
-2.221
1.162
-18.994
-4.736
-0.932
-16.514
-0.248
-3.072
1.123
-0.623
3.479
12.381
-9.184
1.520
-8.586
16.406
8.074
-4.676
-4.938
-0.945
4.305
6.785
18.293
0.531
-8.832
0.984
3.461
-11.340
6.998
5.865
19.799
3.064
1.611
-12.053
1.498
7.326
1.709
5.494
12.271
-16.537
11.623
19.369
7.795
10.557
13.977
-2.625
-3.453
7.273
1.422
6.117
4.352
0.672
1.215
-16.500
11.879
-7.062
-9.883
14.012
1.734
14.527
-2.205
-5.564
13.561
2.146
-13.646
6.252
-20.662
4.088
-12.115
17.850
1.295
5.291
6.158
-6.174
13.451
2.229
-12.750
-1.547
10.645
-7.293
13.148
6.000
2.223
-4.051
7.990
-0.217
4.271
8.057
-3.354
1.580
-4.822
8.354
-10.320
-1.508
2.266
6.805
2.969
-10.664
0.930
9.523
-3.898
-9.145
-0.379
11.281
8.332
6.852
-13.703
-0.605
-7.721
21.764
-4.357
10.549
3.439
-10.631
-10.064
-16.010
18.717
4.041
-8.342
22.678
6.764
-1.045
-1.506
-5.244
2.449
1.762
13.203
-14.336
-7.996
20.176
4.031
2.539
-14.984
-13.105
-4.695
0.090
1.785
6.656
-0.973
-0.242
-3.209
3.744
7.275
-13.318
-13.166
5.318
8.881
-0.822
10.771
0.041
-8.705
0.752
-0.518
-3.287
-19.111
6.338
1.758
2.578
0.531
-1.398
0.273
23.703
-3.930
-17.781
3.320
-1.988
-8.324
-7.625
-21.277
4.641
0.594
8.941
5.678
6.318
-9.225
-6.732
-1.975
5.775
-9.064
-11.385
2.811
-12.709
-0.584
-5.025
-11.252
3.322
-5.209
-5.525
7.926
-20.340
3.320
-1.805
7.215
3.207
1.703
-3.320
9.445
-2.496
3.258
13.699
-19.449
1.844
8.871
3.062
5.189
-5.068
-0.623
-4.342
-7.619
10.350
-14.361
-4.744
-10.742
-4.602
-2.621
7.223
15.398
1.891
2.684
-5.715
-4.779
-16.783
1.514
-10.162
-4.912
-7.775
-2.580
6.385
2.053
-2.736
-3.166
19.537
-3.186
-17.764
8.549
10.885
2.652
19.383
12.129
-2.492
-1.344
9.121
-3.977
-4.129
2.289
15.516
-2.812
-5.148
-17.961
3.562
-0.344
-6.195
-0.104
1.947
2.537
3.869
-9.127
-2.350
5.029
1.307
0.506
0.100
2.158
-2.225
9.494
5.369
-6.814
-11.244
-0.727
0.918
13.816
-1.391
-19.152
13.031
6.102
-2.957
-2.891
3.375
0.574
-6.293
13.617
2.555
-19.293
-14.613
13.885
-4.713
-5.049
2.580
12.291
2.701
10.248
17.416
7.498
13.889
18.686
-4.893
-2.053
-2.178
-0.014
-1.936
-5.988
-1.797
7.121
-0.703
1.406
-0.566
1.227
-0.027
-0.930
10.039
4.938
-7.555
6.477
14.594
15.789
0.102
-14.408
-7.412
-10.807
-10.100
0.631
3.689
4.396
-9.271
-8.439
-7.924
-2.740
-0.912
4.166
8.393
4.412
9.311
-7.922
9.629
-2.168
-5.914
1.082
9.555
-10.180
-2.645
-8.766
6.570
-11.758
-4.195
7.113
0.145
4.035
1.824
4.654
7.275
-1.799
-1.389
2.205
-7.533
7.479
2.717
-0.939
20.678
-18.764
19.791
-14.783
-6.408
-1.748
-6.045
2.219
-6.043
-7.621
-4.008
7.188
-9.230
-10.012
-16.789
3.363
1.871
15.180
-8.523
6.211
-4.859
-7.613
7.012
6.967
-10.318
-3.779
-4.682
10.393
1.928
-6.635
5.346
-11.818
1.393
-14.943
0.158
-3.670
-3.662
16.854
-7.764
13.797
17.457
0.867
-10.801
-3.242
-4.090
7.680
-3.449
-16.617
15.055
2.141
6.984
9.020
7.613
-18.926
2.590
-12.150
-15.553
18.482
7.424
-6.357
-4.096
-1.631
5.756
-19.541
9.904
9.338
7.760
-12.369
15.170
-11.217
0.439
11.594
1.801
-8.598
-1.367
-3.406
0.059
-13.215
-6.148
6.480
-4.199
5.906
2.398
2.188
-3.062
22.340
-2.613
-2.564
-9.037
5.791
-9.150
-7.311
-10.533
-4.229
12.549
-1.943
6.822
-2.865
-9.732
-2.662
-4.170
3.557
-0.787
-20.688
-3.941
16.125
1.785
-3.781
-2.473
-4.453
11.004
3.205
-12.213
-2.666
-2.365
-1.182
-7.959
-1.896
-7.299
-0.383
5.289
5.887
9.387
-10.066
11.441
1.859
-18.773
-17.441
-3.656
24.793
-4.617
-9.223
6.719
-0.418
5.562
-8.814
-0.150
-1.604
-5.838
-3.752
-25.752
-5.689
11.428
0.248
-1.850
-2.666
4.236
-4.264
6.006
12.596
6.115
-2.164
-15.281
-4.758
-9.297
-6.910
3.426
-22.496
-0.582
11.031
1.730
4.816
-4.633
4.305
1.762
8.434
5.227
8.045
-6.830
-0.045
-4.303
1.943
8.490
9.713
-11.170
6.916
1.279
-21.635
17.924
-8.072
9.783
10.119
6.545
-5.062
10.562
-4.215
-13.957
23.137
-6.566
-7.289
10.891
-6.262
-0.609
-3.910
-8.477
-11.746
0.211
5.668
8.828
6.436
-12.611
-0.713
-2.791
-5.314
4.701
-9.854
-4.229
1.967
2.814
0.592
-7.709
11.971
-12.307
-2.248
-1.580
-2.953
16.594
-2.312
-11.664
2.098
10.090
-1.230
8.520
3.758
-4.887
4.832
1.016
7.086
3.441
3.762
8.055
5.803
-3.541
14.650
-2.740
2.131
-5.408
1.330
1.322
17.660
-10.375
9.598
-7.867
4.301
-3.781
6.551
-0.305
-4.596
-7.205
-6.596
-6.260
11.553
17.514
-0.213
-6.244
8.268
-1.869
2.318
-0.771
5.248
4.689
-14.084
-10.018
-2.461
5.320
2.848
-11.324
-4.098
-8.605
2.844
-13.102
-2.840
-0.914
0.070
10.098
11.395
-3.984
-3.984
-2.637
14.510
-9.201
-10.525
7.740
-1.357
-2.928
-6.869
1.256
4.330
1.873
10.838
-6.775
14.428
-5.115
18.107
-11.139
-0.785
2.770
-6.402
-3.566
7.148
-14.703
18.172
-7.133
3.586
-1.129
-18.750
8.848
15.148
5.738
-2.258
-7.605
-1.225
-1.217
-2.162
7.361
4.971
3.854
11.369
7.736
-21.502
-5.842
22.025
-12.307
2.643
18.779
-4.221
-13.686
-16.355
-5.918
0.812
-3.227
-7.891
-0.172
4.855
-2.199
2.148
-10.613
10.801
5.602
-1.203
0.895
-14.582
-12.391
1.123
-9.494
-5.865
11.502
2.404
3.357
13.275
5.338
-16.135
-1.896
-0.869
2.893
18.541
10.279
2.393
4.545
-11.180
7.570
0.250
-0.930
-4.246
0.230
-9.402
2.660
3.650
10.471
3.717
-7.666
-17.475
9.400
4.287
-5.104
-11.535
-11.469
0.711
-8.473
0.738
3.539
-11.867
11.121
2.816
0.676
9.074
2.957
-7.156
-11.227
-0.773
2.445
3.182
-1.080
-9.232
-17.643
-2.736
-13.389
2.959
16.268
-7.912
3.299
2.760
6.986
-22.115
8.143
-13.303
9.971
3.062
1.832
-17.938
13.176
6.930
-13.121
-7.961
-15.105
12.926
15.316
-1.930
-9.344
5.836
4.070
-6.355
-12.379
7.459
7.510
-5.389
-10.814
-4.967
14.701
-11.213
15.244
-9.947
-1.705
-14.381
-3.693
6.365
0.607
0.260
-8.959
-4.531
2.723
-4.965
16.484
-3.008
2.004
-7.551
-13.938
-17.461
-1.578
4.266
-8.117
18.355
-3.324
-27.660
14.098
7.186
4.150
-11.236
4.088
-2.506
0.045
5.330
27.662
3.654
12.248
-0.643
-6.416
5.709
-5.455
14.514
8.326
4.270
0.672
9.246
-3.938
-2.934
14.609
-6.059
-6.445
-23.320
-0.414
-6.098
0.059
0.496
-14.762
14.750
-4.273
10.018
-2.572
0.959
-13.850
-5.080
-7.576
16.502
-2.197
